lower_left_real = -0.7503522670340681
lower_left_imag = 0.039377583291583015
upper_right_real = -0.7472347037825651
upper_right_imag = 0.04081600701402793

iteration_depth = 10000

inner_color = 0xFFFFFF
outer_colors = 0xFFFFFF, 0, 0xFFFFFF, 0xE200F2